12403 12402
12418 12419
12671 12670
12948 12947
10375 10374
10120 10119
12668 12667
11393 11392
11649 11648
11905 11904
12161 12160
12417 12416
12673 12672
12929 12928
12944 12943
13200 13199
12422 12421
12934 12933
12693 12692
12949 12948
12701 12700
12957 12956
12430 12429
12942 12941
13198 13197
12687 12686
12943 12942
13199 13198
13207 13206
12188 12189
12685 12684
12941 12940
12438 12437
12950 12949
11652 11653
11908 11909
12164 12165
11417 11416
11673 11672
11929 11928
12185 12184
12441 12440
12697 12696
11403 11402
11659 11658
11915 11914
12171 12170
11395 11394
11651 11650
11907 11906
12163 12162
11419 11418
11675 11674
11931 11930
12187 12186
11401 11400
11657 11656
11913 11912
12169 12168
12425 12424
12681 12680
11411 11410
11667 11666
11923 11922
12179 12178
12426 12427
11660 11661
11916 11917
12172 12173
12428 12429
12442 12443
12698 12699
11409 11408
11665 11664
11921 11920
12177 12176
12433 12432
12689 12688
12945 12944
13201 13200
13457 13456
12834 12833
13858 13857
12327 12326
14631 14630
13618 13617
10295 10294
12582 12581
13862 13861
14118 14117
11571 11570
11827 11826
12083 12082
12339 12338
11563 11562
11819 11818
12075 12074
12331 12330
13867 13866
12858 12857
11579 11578
11835 11834
12091 12090
12347 12346
12590 12589
13870 13869
12847 12848
12598 12597
12586 12587
12842 12843
12607 12606
12592 12591
11555 11554
11811 11810
12067 12066
12323 12322
13347 13346
13603 13602
13859 13858
12576 12575
12832 12831
13088 13087
13344 13343
13600 13599
11308 11307
14124 14123
12604 12603
12861 12862
11816 11815
12328 12327
14888 14887
10040 10039
10296 10295
12600 12599
11812 11813
12068 12069
12324 12325
12580 12581
13605 13604
13861 13860
14117 14116
11569 11568
11825 11824
12081 12080
12337 12336
12593 12592
11561 11560
11817 11816
12073 12072
12329 12328
12585 12584
12841 12840
10297 10296
11577 11576
11833 11832
12089 12088
12345 12344
12601 12600
11828 11829
12084 12085
12340 12341
12596 12597
13108 13109
11553 11552
11809 11808
12065 12064
12321 12320
12577 12576
12833 12832
13089 13088
13345 13344
13601 13600
812 811
65477 65732
65481 65736
2103 2102
65485 65740
65472 65727
824 823
65473 65728
65488 65743
65476 65731
65493 65748
816 815
65479 65734
65489 65744
65480 65735
65484 65739
65492 65747
2094 2093
65474 65729
65478 65733
65475 65730
65482 65737
65497 65752
65496 65751
65483 65738
65486 65741
65491 65746
65487 65742
65501 65756
65494 65749
65490 65745
65498 65753
65495 65750
65500 65755
65502 65757
65499 65754
65503 65758
7875 7620
2132 2131
710 455
966 711
7878 7623
730 475
6618 6363
7898 7643
7641 7386
7897 7642
1227 972
1995 1740
732 477
988 733
964 709
3780 3525
6596 6341
8132 7877
716 461
972 717
1996 1741
8140 7885
6616 6361
6872 6617
7128 6873
7384 7129
7640 7385
456 201
712 457
968 713
7368 7113
7880 7625
8136 7881
469 214
1237 982
2773 2518
3541 3286
7893 7638
450 195
706 451
962 707
1218 963
1986 1731
6338 6083
7874 7619
11506 11249
975 720
1743 1488
3023 2768
5071 4816
5583 5328
6351 6096
1235 980
1747 1492
2003 1748
2771 2516
4307 4052
6355 6100
457 202
713 458
969 714
1225 970
1481 1226
5577 5322
6345 6090
11498 11241
465 210
721 466
977 722
2257 2002
2513 2258
6865 6610
7633 7378
12781 12524
11508 11251
12526 12269
12782 12525
11497 11240
11753 11496
12009 11752
12265 12008
12521 12264
2588 2589
11491 11234
11747 11490
12003 11746
12259 12002
10748 10491
11516 11259
466 211
722 467
978 723
1234 979
1490 1235
5074 4819
5586 5331
6610 6355
7890 7635
11751 11494
12007 11750
12263 12006
12519 12262
11499 11242
11755 11498
12011 11754
12267 12010
12534 12277
12790 12533
9967 9710
10991 10734
12015 11758
12271 12014
11752 11495
12008 11751
12264 12007
12776 12519
704 449
960 705
1216 961
1472 1217
1728 1473
1984 1729
3264 3009
4032 3777
6336 6081
7104 6849
7872 7617
449 194
705 450
961 706
1217 962
1473 1218
1729 1474
1985 1730
2241 1986
3009 2754
4545 4290
4801 4546
10747 10490
11515 11258
11771 11514
12027 11770
12283 12026
458 203
714 459
970 715
1226 971
1482 1227
1738 1483
1994 1739
5322 5067
7370 7115
8138 7883
11744 11487
12000 11743
12256 11999
12512 12255
12768 12511
11489 11232
11745 11488
12001 11744
12257 12000
12513 12256
12769 12512
1818 1819
11505 11248
11761 11504
12017 11760
12273 12016
12529 12272
12785 12528
8445 8188
9213 8956
9469 9212
10493 10236
10749 10492
10999 10742
11255 10998
11511 11254
11767 11510
12023 11766
12279 12022
12535 12278
11000 10743
11256 10999
11768 11511
12024 11767
12280 12023
12536 12279
12792 12535
8698 8441
8954 8697
9466 9209
9978 9721
10234 9977
10746 10489
11002 10745
11258 11001
468 213
724 469
980 725
1236 981
2004 1749
4052 3797
4564 4309
4820 4565
5332 5077
5588 5333
6100 5845
6356 6101
6868 6613
7892 7637
11493 11237
11749 11493
12005 11749
12261 12005
464 209
720 465
976 721
1232 977
1744 1489
2000 1745
2256 2001
4816 4561
5328 5073
6096 5841
6608 6353
7888 7633
8144 7889
8441 8184
10745 10488
11001 10744
11257 11000
11513 11256
11769 11512
12025 11768
12281 12024
12537 12280
12793 12536
12618 12874
12634 12889
12610 12865
11585 11586
11841 11842
12097 12098
12353 12354
11609 11610
11865 11866
12121 12122
12377 12378
12614 12615
12630 12631
12623 12878
12638 12639
11601 11602
11857 11858
12113 12114
12369 12370
11593 11594
11849 11850
12105 12106
12361 12362
12626 12881
11587 11588
11843 11844
12099 12100
12355 12356
12611 12612
11603 11604
11859 11860
12115 12116
12371 12372
12627 12628
12622 12877
11595 11596
11851 11852
12107 12108
12363 12364
12619 12620
11611 11612
11867 11868
12123 12124
12379 12380
12635 12636
13632 13889
65445 65702
65441 65698
65442 65699
17407 17150
16638 16383
24831 24576
25087 24832
25343 25088
25599 25344
25855 25600
26111 25856
26367 26112
26623 26368
26879 26624
27135 26880
27391 27136
27647 27392
27903 27648
28159 27904
28415 28160
28671 28416
28927 28672
29183 28928
29439 29184
29695 29440
29951 29696
30207 29952
30463 30208
30719 30464
30975 30720
31231 30976
31487 31232
31743 31488
31999 31744
32255 32000
32511 32256
32767 32512
12654 12655
12650 12651
12646 12647
10871 10872
11127 11128
11383 11384
11617 11618
11873 11874
12129 12130
12385 12386
10861 10862
12666 12921
12922 13177
10857 10858
11625 11626
11881 11882
12137 12138
12393 12394
10865 10866
11633 11634
11889 11890
12145 12146
12401 12402
25911 25912
31079 31080
10869 10870
11381 11382
12658 12913
11385 11386
11641 11642
11897 11898
12153 12154
12409 12410
17168 17169
51038 51293
17674 17929
38201 38202
1255 999
1511 1255
2299 2043
6907 6651
1267 1011
2291 2035
8179 7923
741 485
1005 749
7149 6893
3051 2796
5867 5612
1263 1007
8175 7919
3063 2808
6135 5880
8183 7928
1248 992
998 742
8166 7910
484 229
6884 6629
7396 7141
8164 7909
489 233
745 489
1001 745
1769 1513
2025 1769
744 488
1000 744
8184 7928
3577 3322
4089 3834
4857 4602
7161 6906
7929 7674
8185 7930
497 241
1009 753
1265 1009
1777 1521
5873 5617
8177 7921
1789 1534
2813 2558
3837 3582
4861 4606
5885 5630
7421 7166
7933 7678
7930 7674
8188 7932
33023 32768
33279 33024
33535 33280
33791 33536
34047 33792
34303 34048
34559 34304
34815 34560
35071 34816
35327 35072
35583 35328
35839 35584
36095 35840
36351 36096
36607 36352
36863 36608
37119 36864
37375 37120
37631 37376
37887 37632
38143 37888
38399 38144
38655 38400
38911 38656
39167 38912
39423 39168
39679 39424
39935 39680
40191 39936
40447 40192
40703 40448
40959 40704
1002 746
1258 1002
2282 2026
1006 750
6382 6126
1010 754
1266 1010
1778 1522
2034 1778
752 496
1008 752
1264 1008
2032 1776
2544 2288
3312 3056
4848 4592
6384 6128
7152 6896
6644 6389
7668 7413
4076 3821
4332 4077
7148 6893
766 511
1278 1023
2302 2047
3326 3071
4350 4095
5374 5119
6398 6143
7422 7167
255 0
511 256
767 512
1023 768
1279 1024
1535 1280
1791 1536
2047 1792
2303 2048
2559 2304
2815 2560
3071 2816
3327 3072
3583 3328
3839 3584
4095 3840
4351 4096
4607 4352
4863 4608
5119 4864
5375 5120
5631 5376
5887 5632
6143 5888
6399 6144
6655 6400
6911 6656
7167 6912
7423 7168
7679 7424
7935 7680
8191 7936
44998 44742
44994 44739
11521 11522
11777 11778
12033 12034
12289 12290
45002 44746
11529 11530
11785 11786
12041 12042
12297 12298
11545 11546
11801 11802
12057 12058
12313 12314
11537 11538
11793 11794
12049 12050
12305 12306
12817 12818
44992 44737
12559 12560
12546 12547
12550 12551
12566 12567
44995 44739
13328 13329
65451 65708
65455 65712
65459 65716
12554 12809
15114 15369
15626 15881
15882 16137
12562 12817
13330 13585
13586 13841
13842 14097
12570 12825
12826 13081
13082 13337
11523 11524
11779 11780
12035 12036
12291 12292
12547 12548
65443 65700
65463 65720
44997 44742
45000 44745
16135 16390
45003 44747
11531 11532
11787 11788
12043 12044
12299 12300
12555 12556
44999 44744
65471 65728
44996 44740
16136 16391
44993 44738
45001 44745
15116 15371
15372 15627
12558 12813
14606 14861
14862 15117
11547 11548
11803 11804
12059 12060
12315 12316
12571 12572
65467 65724
11539 11540
11795 11796
12051 12052
12307 12308
12563 12564
12819 12820
10917 10916
10157 10156
10413 10412
12200 12199
12456 12455
10120 10121
11449 11448
11705 11704
11961 11960
12217 12216
12473 12472
13076 13333
65447 65704
13212 13467
13468 13723
11168 11167
12192 12191
12448 12447
12704 12703
13216 13215
10412 10411
10420 10419
12476 12475
12708 12707
12964 12963
11668 11669
11924 11925
12180 12181
10165 10164
10913 10912
11169 11168
11425 11424
11681 11680
11937 11936
12193 12192
12449 12448
12705 12704
12961 12960
13217 13216
11952 11951
12208 12207
12464 12463
12720 12719
12976 12975
12544 12799
12800 13055
13056 13311
13312 13567
13568 13823
13824 14079
14080 14335
14336 14591
14592 14847
14848 15103
15104 15359
15360 15615
15616 15871
15872 16127
16128 16383
11433 11432
11689 11688
11945 11944
12201 12200
12457 12456
12713 12712
65464 65721
11441 11440
11697 11696
11953 11952
12209 12208
12465 12464
12721 12720
12977 12976
12722 12721
12479 12478
12474 12729
12714 12713
12462 12461
12718 12717
11951 11950
12719 12718
12975 12974
11174 11173
12454 12453
10919 10918
12711 12710
65452 65709
11170 11169
12706 12705
13218 13217
11435 11434
11691 11690
11947 11946
12203 12202
11451 11450
11707 11706
11963 11962
12219 12218
11446 11445
11702 11701
11958 11957
12214 12213
12470 12469
10915 10914
11427 11426
11683 11682
11939 11938
12195 12194
11443 11442
11699 11698
11955 11954
12211 12210
12979 12978
12728 12985
12984 13241
12940 13195
13452 13707
65444 65701
65460 65717
65468 65725
11959 12215
12215 12471
12445 12446
65440 65697
65448 65705
65456 65713
13246 13503
12165 12166
12677 12678
12181 12182
11393 11394
11649 11650
11905 11906
12161 12162
12673 12674
11401 11402
11657 11658
11913 11914
12169 12170
12681 12682
12685 12686
11409 11410
11665 11666
11921 11922
12177 12178
12689 12690
11417 11418
11673 11674
11929 11930
12185 12186
17193 17448
17712 17967
1968 1969
1971 1972
18784 19039
44979 44980
12277 12021
12533 12277
12789 12533
10495 10239
11234 10978
11490 11234
11746 11490
12514 12258
11507 11251
11748 11492
12004 11748
2121 2122
2112 2113
11494 11238
11750 11494
12006 11750
12262 12006
12518 12262
65473 65729
586 587
842 843
11248 10992
11760 11504
12016 11760
12272 12016
12528 12272
12784 12528
10863 10864
12404 12660
8446 8190
9470 9214
10238 9982
10494 10238
10750 10494
11262 11006
12798 12542
12396 12397
65488 65744
65485 65741
65472 65728
65481 65737
65476 65732
65489 65745
65477 65733
8684 8429
9452 9197
11500 11245
11756 11501
12012 11757
12268 12013
12524 12269
12780 12525
12412 12413
12668 12669
12924 12925
13180 13181
65480 65736
65484 65740
11120 11375
11376 11631
11619 11620
11875 11876
12131 12132
12387 12388
12643 12644
65492 65748
10855 10856
11112 11367
11368 11623
65474 65730
65493 65749
2103 2104
10867 10868
11123 11124
11379 11380
11635 11636
11891 11892
12147 12148
12659 12660
12915 12916
65479 65735
65478 65734
65482 65738
65475 65731
11643 11644
11899 11900
12155 12156
12411 12412
12923 12924
814 815
2094 2095
10859 10860
11627 11628
11883 11884
12139 12140
12395 12396
12651 12652
21696 21441
22208 21953
22464 22209
23232 22977
23488 23233
12642 12897
11126 11127
11382 11383
12662 12663
12578 12579
12582 12583
12602 12603
12586 12841
13866 14121
12590 12591
8896 8641
9920 9665
10944 10689
11200 10945
11456 11201
12594 12595
12850 12851
13618 13619
8904 8649
9416 9161
9672 9417
10440 10185
10952 10697
11208 10953
11464 11209
10181 9926
11205 10950
11717 11462
11973 11718
12229 11974
12598 12599
8644 8389
8900 8645
9156 8901
9924 9669
10692 10437
11204 10949
11460 11205
11716 11461
11972 11717
12228 11973
12484 12229
8660 8405
11476 11221
11732 11477
11988 11733
12244 11989
12500 12245
12756 12501
13012 12757
13268 13013
11553 11554
11809 11810
12065 12066
12321 12322
11561 11562
11817 11818
12073 12074
12329 12330
12841 12842
10192 9937
10448 10193
10960 10705
11216 10961
11472 11217
14032 13777
11563 11564
11819 11820
12075 12076
12331 12332
12587 12588
12843 12844
11569 11570
11825 11826
12081 12082
12337 12338
9164 8909
9932 9677
11212 10957
11468 11213
11724 11469
11980 11725
12236 11981
12492 12237
12748 12493
8664 8409
10968 10713
11224 10969
11480 11225
11555 11556
11811 11812
12067 12068
12323 12324
12579 12580
9163 8908
9419 9164
10443 10188
10955 10700
11211 10956
11467 11212
11723 11468
11979 11724
12235 11980
12491 12236
11579 11580
11835 11836
12091 12092
12347 12348
12859 12860
13115 13116
8399 8144
9167 8912
9935 9680
10447 10192
10703 10448
11215 10960
11471 11216
11727 11472
12239 11984
12495 12240
12751 12496
11571 11572
11827 11828
12083 12084
12339 12340
8391 8136
8903 8648
9159 8904
9671 9416
9927 9672
10439 10184
10695 10440
10951 10696
11207 10952
11463 11208
11719 11464
11975 11720
12231 11976
9180 8925
11484 11229
11740 11485
11996 11741
12252 11997
12508 12253
12764 12509
13020 12765
8643 8388
9155 8900
9411 9156
10179 9924
10947 10692
11203 10948
11459 11204
11715 11460
11971 11716
12227 11972
12483 12228
11577 11578
11833 11834
12089 12090
12345 12346
10945 10690
11201 10946
11457 11202
11713 11458
11969 11714
12225 11970
12481 12226
14017 13762
9175 8920
10455 10200
11479 11224
11735 11480
11991 11736
12759 12504
9425 9170
10705 10450
10961 10706
11217 10962
11473 11218
11729 11474
11985 11730
12241 11986
12497 12242
13521 13266
13777 13522
8393 8138
9673 9418
10441 10186
10697 10442
10953 10698
11209 10954
11465 11210
11721 11466
11977 11722
12233 11978
12489 12234
13367 13624
13344 13599
11231 10976
11487 11232
11743 11488
12767 12512
13604 13859
9179 8924
10203 9948
10971 10716
11227 10972
11483 11228
11739 11484
11995 11740
12251 11996
12507 12252
12763 12508
13019 12764
9939 9684
10963 10708
11219 10964
11475 11220
11731 11476
11987 11732
12243 11988
12499 12244
12755 12500
13011 12756
13267 13012
13523 13268
11725 11470
11981 11726
12237 11982
12493 12238
11733 11478
11989 11734
12245 11990
12501 12246
13013 12758
13269 13014
12765 12766
11836 11837
12092 12093
12348 12349
12604 12605
12860 12861
13116 13117
9666 9411
10690 10435
10946 10691
11458 11203
12738 12483
12848 13103
10040 10041
50232 50488
8409 8154
10457 10202
10969 10714
11225 10970
11481 11226
11737 11482
11993 11738
12249 11994
12505 12250
13273 13018
9418 9163
10954 10699
11210 10955
11466 11211
12746 12491
50236 50492
10702 10447
11470 11215
11726 11471
12238 11983
12494 12239
50230 50486
9414 9159
9926 9671
11206 10951
11462 11207
11718 11463
11974 11719
12230 11975
12486 12231
50234 50490
50231 50487
50239 50494
8410 8155
10970 10715
11226 10971
11482 11227
12762 12507
13108 13365
8914 8659
10194 9939
10962 10707
11218 10963
11474 11219
12754 12499
13010 12755
13266 13011
13778 13523
50233 50489
50229 50228
50237 50493
50235 50491
50238 50494
10198 9943
10966 10711
11478 11223
11734 11479
12246 11991
12502 12247
12758 12503
13014 12759
11230 10975
11486 11231
11742 11487
11998 11743
12254 11999
12510 12255
12766 12511
65446 65703
65450 65707
65458 65715
65449 65706
65454 65711
65461 65718
65453 65710
65457 65714
12438 12439
12694 12695
65465 65722
65516 65771
11411 11412
11667 11668
11923 11924
12179 12180
12682 12937
65504 65759
65508 65763
65512 65767
65520 65775
12422 12423
65514 65769
65507 65762
65511 65766
65532 65787
65505 65760
65506 65761
65524 65779
65515 65770
65510 65765
12698 12953
12434 12435
65522 65777
65519 65774
65528 65783
11395 11396
11651 11652
11907 11908
12163 12164
12431 12432
65469 65726
12958 12957
13214 13213
12418 12674
65518 65773
65466 65723
65470 65727
65462 65719
65513 65768
65517 65772
65509 65764
11403 11404
11659 11660
11915 11916
12171 12172
11419 11420
11675 11676
11931 11932
12187 12188
12443 12444
12942 13197
65526 65781
11167 11166
11423 11422
11679 11678
12191 12190
12447 12446
12959 12958
65530 65785
65531 65786
65534 65789
65527 65782
65523 65778
65529 65784
65521 65776
65525 65780
65533 65788
57599 57344
57855 57600
58111 57856
58367 58112
58623 58368
58879 58624
59135 58880
59391 59136
59647 59392
59903 59648
60159 59904
60415 60160
60671 60416
60927 60672
61183 60928
61439 61184
61695 61440
61951 61696
62207 61952
62463 62208
62719 62464
62975 62720
63231 62976
63487 63232
63743 63488
63999 63744
64255 64000
64511 64256
64767 64512
65023 64768
65279 65024
65535 65280
49407 49152
49663 49408
49919 49664
50175 49920
50431 50176
50687 50432
50943 50688
51199 50944
51455 51200
51711 51456
51967 51712
52223 51968
52479 52224
52735 52480
52991 52736
53247 52992
53503 53248
53759 53504
54015 53760
54271 54016
54527 54272
54783 54528
55039 54784
55295 55040
55551 55296
55807 55552
56063 55808
56319 56064
56575 56320
56831 56576
57087 56832
57343 57088
41215 40960
41471 41216
41727 41472
41983 41728
42239 41984
42495 42240
42751 42496
43007 42752
43263 43008
43519 43264
43775 43520
44031 43776
44287 44032
44543 44288
44799 44544
45055 44800
45311 45056
45567 45312
45823 45568
46079 45824
46335 46080
46591 46336
46847 46592
47103 46848
47359 47104
47615 47360
47871 47616
48127 47872
48383 48128
48639 48384
48895 48640
49151 48896
25911 26166
31079 31334
17168 17423
17674 17930
51038 51294
38201 38456
1968 2223
1818 2073
18784 19040
1971 2226
18175 17920
18431 18176
18687 18432
18943 18688
19199 18944
19455 19200
19711 19456
19967 19712
20223 19968
20479 20224
20735 20480
20991 20736
21247 20992
21503 21248
21759 21504
22015 21760
22271 22016
22527 22272
22783 22528
23039 22784
23295 23040
23551 23296
23807 23552
24063 23808
24319 24064
24575 24320
25911 26167
17168 17424
31079 31335
17712 17968
2588 2843
17193 17449
38201 38457
49407 49408
49663 49664
49919 49920
50175 50176
50431 50432
50687 50688
50943 50944
51199 51200
51455 51456
51711 51712
51967 51968
52223 52224
52479 52480
52735 52736
52991 52992
53247 53248
53503 53504
53759 53760
54015 54016
54271 54272
54527 54528
54783 54784
55039 55040
55295 55296
55551 55552
55807 55808
56063 56064
56319 56320
56575 56576
56831 56832
57087 57088
57343 57344
24831 24832
25087 25088
25343 25344
25599 25600
25855 25856
26111 26112
26367 26368
26623 26624
26879 26880
27135 27136
27391 27392
27647 27648
27903 27904
28159 28160
28415 28416
28671 28672
28927 28928
29183 29184
29439 29440
29695 29696
29951 29952
30207 30208
30463 30464
30719 30720
30975 30976
31231 31232
31487 31488
31743 31744
31999 32000
32255 32256
32511 32512
32767 32768
17674 17931
51038 51295
25911 26168
1818 2074
31079 31336
65473 65730
65485 65742
65481 65738
65497 65753
65477 65734
65493 65750
65478 65735
65482 65739
17168 17425
65501 65757
65489 65746
38201 38458
18784 19041
65474 65731
65486 65742
65490 65746
65498 65754
65494 65750
65502 65758
1971 2227
65475 65732
65479 65736
65476 65733
65488 65745
65472 65729
65492 65749
65480 65737
65496 65752
65500 65756
23488 23487
485 230
7909 7654
65483 65739
65503 65759
65487 65743
65491 65747
506 251
762 507
1274 1019
6138 5883
7674 7419
7930 7675
65484 65741
2103 2358
65495 65751
65499 65755
2094 2349
749 494
6893 6638
742 487
998 743
7910 7655
8166 7911
489 234
745 490
1001 746
1513 1258
1769 1514
2025 1770
1968 2224
498 243
754 499
1010 755
1266 1011
1522 1267
1778 1523
2034 1779
490 235
746 491
1002 747
1258 1003
1514 1259
1770 1515
2026 1771
2282 2027
2003 2002
2121 2376
494 239
750 495
1006 751
1262 1007
3822 3567
5358 5103
6126 5871
6638 6383
6894 6639
1255 1000
8167 7912
1007 752
3055 2800
4847 4592
5103 4848
7151 6896
7919 7664
753 498
1009 754
1265 1010
1521 1266
2801 2546
3825 3570
4081 3826
4337 4082
4593 4338
5105 4850
5617 5362
5873 5618
6129 5874
6641 6386
6897 6642
7921 7666
1985 1984
11499 11243
1818 2075
992 737
499 244
1267 1012
2035 1780
7923 7668
11235 10979
11491 11235
2043 1788
3835 3580
4347 4092
4603 4348
5883 5628
6139 5884
6651 6396
6907 6652
7163 6908
7419 7164
7675 7420
2588 2844
8435 8180
9715 9460
11251 10996
11507 11252
11763 11508
12019 11764
12275 12020
12531 12276
2808 2553
3064 2809
5112 4857
7672 7417
7928 7673
11242 10986
11498 11242
11754 11498
12522 12266
10491 10235
10747 10491
11003 10747
11515 11259
11495 11239
11751 11495
12007 11751
12775 12519
44979 45234
11764 11508
12532 12276
17919 17920
18175 18176
18431 18432
18687 18688
18943 18944
19199 19200
19455 19456
19711 19712
19967 19968
20223 20224
20479 20480
20735 20736
20991 20992
21247 21248
21503 21504
21759 21760
22015 22016
22271 22272
22527 22528
22783 22784
23039 23040
23295 23296
23551 23552
23807 23808
24063 24064
24319 24320
24575 24576
9710 9454
11758 11502
12014 11758
12526 12270
9714 9458
9970 9714
10994 10738
11250 10994
11506 11250
11762 11506
12530 12274
10223 9967
11247 10991
11503 11247
11759 11503
12015 11759
12271 12015
12783 12527
11492 11237
11748 11493
12004 11749
12260 12005
12516 12261
2812 2557
3580 3325
7932 7677
8188 7933
10742 10486
10998 10742
11254 10998
11510 11254
11766 11510
12022 11766
12278 12022
12534 12278
49407 49664
49663 49920
49919 50176
50175 50432
50431 50688
50687 50944
50943 51200
51199 51456
51455 51712
51711 51968
51967 52224
52223 52480
52479 52736
52735 52992
52991 53248
53247 53504
53503 53760
53759 54016
54015 54272
54271 54528
54527 54784
54783 55040
55039 55296
55295 55552
55551 55808
55807 56064
56063 56320
56319 56576
56575 56832
56831 57088
57087 57344
57343 57600
11241 10985
11497 11241
11233 10977
11489 11233
11249 10993
11505 11249
10743 10487
10999 10743
11255 10999
11511 11255
11767 11511
12023 11767
12279 12023
12535 12279
12791 12535
11238 10983
11494 11239
11750 11495
12006 11751
12262 12007
12518 12263
10490 10234
10746 10490
11258 11002
11514 11258
11770 11514
12538 12282
12269 12013
12525 12269
12781 12525
8432 8177
10736 10481
10992 10737
11504 11249
12021 11766
12277 12022
12533 12278
11237 10982
11493 11238
11749 11494
12005 11750
12261 12006
10978 10723
11234 10979
11490 11235
8447 8192
8703 8448
8959 8704
9215 8960
9471 9216
9727 9472
9983 9728
10239 9984
10495 10240
10751 10496
11007 10752
11263 11008
11519 11264
11775 11520
12031 11776
12287 12032
12543 12288
11240 10984
11496 11240
11752 11496
12008 11752
12264 12008
12520 12264
488 233
744 489
1000 745
2112 2367
11232 10976
11488 11232
11744 11488
12000 11744
12256 12000
12512 12256
12768 12512
10488 10232
10744 10488
11000 10744
11256 11000
11768 11512
12280 12024
12536 12280
8697 8441
9209 8953
9721 9465
9977 9721
10489 10233
10745 10489
11001 10745
11257 11001
11513 11257
8956 8700
9212 8956
10236 9980
10492 10236
10748 10492
11772 11516
12028 11772
12284 12028
12540 12284
1971 2228
8446 8191
9214 8959
9470 9215
9982 9727
10238 9983
10494 10239
10750 10495
11006 10751
11262 11007
11518 11263
12542 12287
14590 14335
15614 15359
8445 8189
10749 10493
11005 10749
11261 11005
12285 12029
12541 12285
12797 12541
12268 12269
12524 12525
2132 2133
1994 1993
65524 65780
65501 65758
1968 2225
978 979
44998 44743
45002 44747
2103 2359
65497 65754
65496 65753
17193 17450
17712 17969
65500 65757
496 241
752 497
1008 753
1264 1009
1776 1521
2288 2033
2800 2545
3056 2801
4592 4337
5360 5105
6128 5873
6896 6641
7152 6897
11545 11800
11801 12056
12057 12312
12313 12568
12569 12824
12825 13080
50232 50489
65520 65776
65532 65788
960 959
255 256
511 512
767 768
1023 1024
1279 1280
1535 1536
1791 1792
2047 2048
2303 2304
2559 2560
2815 2816
3071 3072
3327 3328
3583 3584
3839 3840
4095 4096
4351 4352
4607 4608
4863 4864
5119 5120
5375 5376
5631 5632
5887 5888
6143 6144
6399 6400
6655 6656
6911 6912
7167 7168
7423 7424
7679 7680
7935 7936
8191 8192
11537 11792
11793 12048
12049 12304
12305 12560
12561 12816
13841 14096
14097 14352
11529 11784
11785 12040
12041 12296
12297 12552
12553 12808
15625 15880
15881 16136
16137 16392
11521 11776
11777 12032
12033 12288
12289 12544
12545 12800
14593 14848
15873 16128
16129 16384
968 967
12466 12467
972 971
980 979
10917 10918
11609 11864
11865 12120
12121 12376
12377 12632
12633 12888
988 987
65504 65760
65508 65764
13247 13248
65502 65759
65486 65743
65490 65747
11433 11434
11689 11690
11945 11946
12201 12202
586 841
11601 11856
11857 12112
12113 12368
12369 12624
12625 12880
11585 11840
11841 12096
12097 12352
12353 12608
12609 12864
12865 13120
12623 12879
65498 65755
12462 12463
10919 10920
12450 12451
2588 2845
50236 50493
12668 12923
12458 12459
12474 12730
12730 12986
12986 13242
24831 25088
25087 25344
25343 25600
25599 25856
25855 26112
26111 26368
26367 26624
26623 26880
26879 27136
27135 27392
27391 27648
27647 27904
27903 28160
28159 28416
28415 28672
28671 28928
28927 29184
29183 29440
29439 29696
29695 29952
29951 30208
30207 30464
30463 30720
30719 30976
30975 31232
31231 31488
31487 31744
31743 32000
31999 32256
32255 32512
32511 32768
32767 33024
65516 65772
65512 65768
65528 65784
10913 10914
11425 11426
11681 11682
11937 11938
12193 12194
10165 10166
10157 10158
11176 11177
12454 12455
11451 11452
11707 11708
11963 11964
12219 12220
12731 12732
12987 12988
13243 13244
11124 11381
11380 11637
11636 11893
12404 12661
11587 11842
11843 12098
12099 12354
11959 12216
12215 12472
11435 11436
11691 11692
11947 11948
12203 12204
2003 2004
65509 65765
50237 50494
11593 11848
11849 12104
12105 12360
12361 12616
12617 12872
2121 2377
65513 65769
50229 50230
65494 65751
65483 65740
65525 65781
65487 65744
23488 23489
65491 65748
65495 65752
65499 65756
2094 2350
65503 65760
12614 12869
11441 11442
11697 11698
11953 11954
12209 12210
12622 12878
12618 12875
12626 12882
12610 12866
12630 12885
12634 12890
11603 11858
11859 12114
12115 12370
11611 11866
11867 12122
12123 12378
11595 11850
11851 12106
12107 12362
11428 11429
11684 11685
11940 11941
12196 12197
12452 12453
976 975
2256 2255
10915 10916
11427 11428
11683 11684
11939 11940
12195 12196
12451 12452
10422 10423
11446 11447
11702 11703
11958 11959
12214 12215
12470 12471
11443 11444
11699 11700
11955 11956
12211 12212
65521 65777
50233 50490
65505 65761
65529 65785
13216 13471
11449 11450
11705 11706
11961 11962
12217 12218
12729 12730
13241 13242
11692 11693
11948 11949
12204 12205
12460 12461
12638 12893
11708 11709
11964 11965
12220 12221
12476 12477
12732 12733
12988 12989
13244 13245
13500 13501
10855 11110
11111 11366
11619 11874
11875 12130
12131 12386
10863 11118
11375 11630
11631 11886
10120 10375
13192 13447
50230 50487
50231 50488
50234 50491
50235 50492
50239 50495
65517 65773
65533 65789
12212 12467
17663 17920
17919 18176
18175 18432
18431 18688
18687 18944
18943 19200
19199 19456
19455 19712
19711 19968
19967 20224
20223 20480
20479 20736
20735 20992
20991 21248
21247 21504
21503 21760
21759 22016
22015 22272
22271 22528
22527 22784
22783 23040
23039 23296
23295 23552
23551 23808
23807 24064
24063 24320
24319 24576
24575 24832
10871 11126
50238 50495
2103 2360
11643 11898
11899 12154
12155 12410
10867 11122
11635 11890
11891 12146
12147 12402
65507 65763
65506 65762
65511 65767
65523 65779
65510 65766
65515 65771
65522 65778
65519 65775
65531 65787
65514 65770
65527 65783
65526 65782
65518 65774
65530 65786
65534 65790
10859 11114
11115 11370
11371 11626
11627 11882
11883 12138
12139 12394
41215 41216
41471 41472
41727 41728
41983 41984
42239 42240
42495 42496
42751 42752
43007 43008
43263 43264
43519 43520
43775 43776
44031 44032
44287 44288
44543 44544
44799 44800
45055 45056
45311 45312
45567 45568
45823 45824
46079 46080
46335 46336
46591 46592
46847 46848
47103 47104
47359 47360
47615 47616
47871 47872
48127 48128
48383 48384
48639 48640
48895 48896
49151 49152
1985 1986
45001 44746
2112 2368
10861 11116
11114 11369
12650 12905
2132 2387
970 971
1994 1995
12658 12914
12642 12898
12654 12909
10869 11124
11366 11621
12646 12901
12431 12686
11617 11872
11873 12128
12129 12384
12385 12640
12641 12896
12666 12922
13840 14095
14096 14351
14352 14607
11403 11658
11659 11914
11915 12170
23488 23743
12662 12917
2094 2351
14860 15116
44996 44741
11419 11674
11675 11930
11931 12186
12955 13210
12426 12682
12430 12686
57599 57600
57855 57856
58111 58112
58367 58368
58623 58624
58879 58880
59135 59136
59391 59392
59647 59648
59903 59904
60159 60160
60415 60416
60671 60672
60927 60928
61183 61184
61439 61440
61695 61696
61951 61952
62207 62208
62463 62464
62719 62720
62975 62976
63231 63232
63487 63488
63743 63744
63999 64000
64255 64256
64511 64512
64767 64768
65023 65024
65279 65280
65535 65536
12559 12814
14351 14606
14607 14862
11641 11896
11897 12152
12153 12408
12409 12664
12665 12920
11523 11778
11779 12034
12035 12290
2003 2258
2121 2378
11547 11802
11803 12058
12059 12314
12554 12810
12546 12801
12562 12818
12558 12814
11531 11786
11787 12042
12043 12298
15115 15370
15371 15626
45003 44748
44995 44740
11411 11666
11667 11922
11923 12178
12435 12690
12422 12678
11539 11794
11795 12050
12051 12306
13331 13586
13587 13842
10865 11120
11633 11888
11889 12144
12145 12400
12401 12656
12657 12912
12550 12805
16134 16389
11395 11650
11651 11906
11907 12162
586 842
12418 12675
2256 2257
12566 12821
13334 13589
10857 11112
11113 11368
11369 11624
11625 11880
11881 12136
12137 12392
12393 12648
12649 12904
13824 14080
14080 14336
14336 14592
14592 14848
14848 15104
15104 15360
15360 15616
15616 15872
15872 16128
16128 16384
12570 12826
12826 13082
1985 2240
23488 23744
12698 12954
13471 13472
13727 13728
13983 13984
14239 14240
14495 14496
14751 14752
15007 15008
15263 15264
15519 15520
15775 15776
16031 16032
12694 12949
12950 13205
13206 13461
12702 12703
2112 2369
2132 2388
1994 2249
2034 2033
2025 2024
12685 12940
13197 13452
12434 12690
1002 1003
11393 11648
11649 11904
11905 12160
12161 12416
12417 12672
12673 12928
12677 12932
11401 11656
11657 11912
11913 12168
12169 12424
12425 12680
12681 12936
12701 12956
12957 13212
13213 13468
11409 11664
11665 11920
11921 12176
12177 12432
12433 12688
12689 12944
2003 2259
23488 23745
11417 11672
11673 11928
11929 12184
12185 12440
12441 12696
12697 12952
13209 13464
33023 33024
33279 33280
33535 33536
33791 33792
34047 34048
34303 34304
34559 34560
34815 34816
35071 35072
35327 35328
35583 35584
35839 35840
36095 36096
36351 36352
36607 36608
36863 36864
37119 37120
37375 37376
37631 37632
37887 37888
38143 38144
38399 38400
38655 38656
38911 38912
39167 39168
39423 39424
39679 39680
39935 39936
40191 40192
40447 40448
40703 40704
40959 40960
586 843
2256 2511
12693 12948
12949 13204
1985 2241
65524 65781
2132 2389
1994 2250
1000 999
65504 65761
2025 2026
1010 1011
2034 2035
1008 1007
255 512
511 768
767 1024
1023 1280
1279 1536
1535 1792
1791 2048
2047 2304
2303 2560
2559 2816
2815 3072
3071 3328
3327 3584
3583 3840
3839 4096
4095 4352
4351 4608
4607 4864
4863 5120
5119 5376
5375 5632
5631 5888
5887 6144
6143 6400
6399 6656
6655 6912
6911 7168
7167 7424
7423 7680
7679 7936
7935 8192
11508 11253
11764 11509
12020 11765
12276 12021
12532 12277
12788 12533
12462 12717
12466 12721
12722 12977
12978 13233
12450 12705
12706 12961
12962 13217
11760 11759
12272 12271
12528 12527
2003 2260
10976 10721
11232 10977
11488 11233
12623 12880
10985 10730
11241 10986
11497 11242
11753 11498
12009 11754
12265 12010
12521 12266
10919 11174
65520 65777
65532 65789
12458 12713
12714 12969
11174 11429
12454 12709
12710 12965
65508 65765
10977 10722
11233 10978
11489 11234
11745 11490
12001 11746
12257 12002
12513 12258
11748 11749
12004 12005
12260 12261
65512 65769
65516 65773
44979 45235
12518 12517
10979 10724
11235 10980
11491 11236
11747 11492
12003 11748
12259 12004
12515 12260
10157 10412
12196 12451
2256 2512
11446 11701
11702 11957
11958 12213
12214 12469
12470 12725
11435 11690
11691 11946
11947 12202
10475 10220
11243 10988
11499 11244
11755 11500
12011 11756
12267 12012
12523 12268
12779 12524
10986 10731
11242 10987
11498 11243
12778 12523
65528 65785
12476 12731
10165 10420
10917 11172
11451 11706
11707 11962
11963 12218
12474 12731
12730 12987
12986 13243
13242 13499
11245 10990
11757 11502
12013 11758
12269 12014
12525 12270
12355 12611
10984 10729
11240 10985
11496 11241
11507 11506
11763 11762
12019 12018
12275 12274
11956 12212
12212 12468
50229 50484
65509 65766
8441 8186
8953 8698
9465 9210
9721 9466
10233 9978
10489 10234
10745 10490
11513 11258
11769 11514
12025 11770
12281 12026
12537 12282
11239 10984
11495 11240
11751 11496
12007 11752
12263 12008
10487 10232
10743 10488
10999 10744
11255 11000
11767 11512
12279 12024
50239 50496
11443 11698
11699 11954
11955 12210
12467 12722
12723 12978
12979 13234
65507 65764
8945 8690
10993 10738
11249 10994
11505 11250
11761 11506
12017 11762
12273 12018
12529 12274
11433 11688
11689 11944
11945 12200
12201 12456
12457 12712
12713 12968
11449 11704
11705 11960
11961 12216
12217 12472
12473 12728
12729 12984
9458 9203
9714 9459
10738 10483
10994 10739
11250 10995
11506 11251
12514 12515
11441 11696
11697 11952
11953 12208
12209 12464
12465 12720
12721 12976
12977 13232
10915 11170
11171 11426
11427 11682
11683 11938
11939 12194
12451 12706
12707 12962
12963 13218
13503 13760
65521 65778
65506 65763
65522 65779
65513 65770
65534 65791
65511 65768
65510 65767
65530 65787
65527 65784
65514 65771
65523 65780
65515 65772
9454 9199
10222 9967
11502 11247
11758 11503
12270 12015
12526 12271
12782 12527
10486 10231
10742 10487
10998 10743
11510 11255
11766 11511
12022 11767
12278 12023
12534 12279
8954 8699
9466 9211
10234 9979
10490 10235
10746 10491
11002 10747
11514 11259
11262 11263
10913 11168
11425 11680
11681 11936
11937 12192
12193 12448
12449 12704
12705 12960
12961 13216
1985 2242
12371 12627
12363 12619
8696 8441
9464 9209
9720 9465
10232 9977
10488 10233
10744 10489
11000 10745
10493 10238
10749 10494
11005 10750
11261 11006
12029 11774
12285 12030
12541 12286
12797 12542
13053 12798
12379 12635
65505 65762
65525 65782
65533 65790
65529 65786
65519 65776
65526 65783
65531 65788
65518 65775
65517 65774
9211 8956
10235 9980
10491 10236
10747 10492
11259 11004
11515 11260
11771 11516
12027 11772
12283 12028
12539 12284
8431 8176
9199 8944
9967 9712
10479 10224
10735 10480
10991 10736
11247 10992
11503 11248
11759 11504
12015 11760
8700 8445
8956 8701
9212 8957
9980 9725
10236 9981
10492 10237
10748 10493
11004 10749
11260 11005
11516 11261
11772 11517
12028 11773
12284 12029
12540 12285
12796 12541
13052 12797
12668 12924
1994 2251
8447 8448
8703 8704
8959 8960
9215 9216
9471 9472
9727 9728
9983 9984
10239 10240
10495 10496
10751 10752
11007 11008
11263 11264
11519 11520
11775 11776
12031 12032
10871 11127
12387 12643
10863 11119
12411 12667
10855 11111
2256 2513
2025 2280
10867 11123
12403 12659
2034 2289
10859 11115
12395 12651
65535 65790
12553 12809
12561 12817
13585 13841
12569 12825
12633 12889
12625 12881
14592 14849
12545 12801
14593 14849
14849 15105
15105 15361
15361 15617
15617 15873
15873 16129
16129 16385
12614 12870
12630 12886
12634 12891
12610 12867
12291 12547
12307 12563
12299 12555
12315 12571
12559 12815
12622 12879
12353 12609
12609 12865
12638 12894
12617 12873
12626 12883
12882 13139
12431 12687
12171 12427
10120 10376
12187 12443
12163 12419
2025 2281
12179 12435
41215 41472
41471 41728
41727 41984
41983 42240
42239 42496
42495 42752
42751 43008
43007 43264
43263 43520
43519 43776
43775 44032
44031 44288
44287 44544
44543 44800
44799 45056
45055 45312
45311 45568
45567 45824
45823 46080
46079 46336
46335 46592
46591 46848
46847 47104
47103 47360
47359 47616
47615 47872
47871 48128
48127 48384
48383 48640
48639 48896
48895 49152
49151 49408
2034 2290
12476 12732
11428 11684
11940 12196
10917 11173
10919 11175
12685 12941
12677 12933
12673 12929
12701 12957
10915 11171
12195 12451
11170 11426
12450 12706
12959 13214
13215 13470
13471 13726
12462 12718
12201 12457
12457 12713
10157 10413
65535 65791
11956 12213
12465 12721
12203 12459
10861 11117
10869 11125
50229 50485
12641 12897
12642 12899
12654 12910
12466 12722
12722 12978
12211 12467
12723 12979
12219 12475
12731 12987
10165 10421
12217 12473
12473 12729
10913 11169
12449 12705
12426 12683
11370 11626
12650 12906
12666 12923
12454 12710
11122 11379
12658 12915
12914 13171
12470 12726
12689 12945
12693 12949
10857 11113
12649 12905
12646 12902
12665 12921
11555 11810
11811 12066
12067 12322
11382 11638
12662 12918
10865 11121
12657 12913
12458 12714
12681 12937
12185 12441
12697 12953
12422 12679
10863 11120
12668 12925
12924 13181
12430 12687
12546 12802
11619 11876
11875 12132
12131 12388
12387 12644
10855 11112
12442 12699
12698 12955
11563 11818
11819 12074
12075 12330
14123 14378
11571 11826
11827 12082
12083 12338
11579 11834
11835 12090
12091 12346
2025 2282
11547 11804
11803 12060
12059 12316
12315 12572
11523 11780
11779 12036
12035 12292
12291 12548
10871 11128
12151 12408
12407 12664
11643 11900
11899 12156
12155 12412
12667 12924
12554 12811
12566 12822
12550 12806
12558 12815
12559 12816
57599 57856
57855 58112
58111 58368
58367 58624
58623 58880
58879 59136
59135 59392
59391 59648
59647 59904
59903 60160
60159 60416
60415 60672
60671 60928
60927 61184
61183 61440
61439 61696
61695 61952
61951 62208
62207 62464
62463 62720
62719 62976
62975 63232
63231 63488
63487 63744
63743 64000
63999 64256
64255 64512
64511 64768
64767 65024
65023 65280
65279 65536
65535 65792
10859 11116
11627 11884
11883 12140
12139 12396
12395 12652
12562 12819
12818 13075
12570 12827
13082 13339
10867 11124
11379 11636
11635 11892
11891 12148
12403 12660
12659 12916
11457 11456
11713 11712
11969 11968
12225 12224
12481 12480
12757 12758
13013 13014
2034 2291
11531 11788
11787 12044
12043 12300
12299 12556
12555 12812
11539 11796
11795 12052
12051 12308
12307 12564
12563 12820
12819 13076
50229 50486
11529 11786
11785 12042
12041 12298
12553 12810
11497 11496
11753 11752
12009 12008
12265 12264
12521 12520
12777 12776
11569 11824
11825 12080
12081 12336
12337 12592
12593 12848
12849 13104
12702 12957
12958 13213
12255 12254
11981 11982
13261 13262
11465 11464
11721 11720
11977 11976
12233 12232
12489 12488
12745 12744
11545 11802
11801 12058
12057 12314
12569 12826
11537 11794
11793 12050
12049 12306
12561 12818
11521 11778
11777 12034
12033 12290
12545 12802
11489 11488
11745 11744
12001 12000
12257 12256
12513 12512
11459 11458
11715 11714
11971 11970
12227 12226
11483 11482
11739 11738
11995 11994
12251 12250
12247 12246
12434 12691
12694 12950
11561 11816
11817 12072
12073 12328
12329 12584
12585 12840
12256 12255
11256 11255
12280 12279
11001 11000
11257 11256
11513 11512
11769 11768
12025 12024
12281 12280
12537 12536
12793 12792
11553 11808
11809 12064
12065 12320
12321 12576
12577 12832
33023 33280
33279 33536
33535 33792
33791 34048
34047 34304
34303 34560
34559 34816
34815 35072
35071 35328
35327 35584
35583 35840
35839 36096
36095 36352
36351 36608
36607 36864
36863 37120
37119 37376
37375 37632
37631 37888
37887 38144
38143 38400
38399 38656
38655 38912
38911 39168
39167 39424
39423 39680
39679 39936
39935 40192
40191 40448
40447 40704
40703 40960
40959 41216
11473 11472
11729 11728
11985 11984
12241 12240
12497 12496
11475 11474
11731 11730
11987 11986
12243 12242
11467 11466
11723 11722
11979 11978
12235 12234
11505 11504
11761 11760
12017 12016
12273 12272
12529 12528
12785 12784
12276 12277
12532 12533
11005 11006
12797 12798
12271 12270
44979 45236
11752 11751
12264 12263
12791 12790
12518 12519
11491 11490
11747 11746
12003 12002
12259 12258
11499 11498
11755 11754
12011 12010
12267 12266
11577 11832
11833 12088
12089 12344
12345 12600
12601 12856
12857 13112
11515 11514
11771 11770
12027 12026
12283 12282
12495 12496
13775 13776
11481 11480
11737 11736
11993 11992
12249 12248
12505 12504
12761 12760
11507 11508
11763 11764
12019 12020
12275 12276
12531 12532
12526 12525
12514 12769
10748 10747
12540 12539
11611 11868
11867 12124
12123 12380
12379 12636
11595 11852
11851 12108
12107 12364
12363 12620
11587 11844
11843 12100
12099 12356
12355 12612
12476 12733
12732 12989
12988 13245
13244 13501
10917 11174
11603 11860
11859 12116
12115 12372
12371 12628
12534 12533
10157 10414
12522 12523
10746 10745
11002 11001
11172 11429
11428 11685
11684 11941
11441 11698
11697 11954
11953 12210
12465 12722
13255 13512
11609 11866
11865 12122
12121 12378
12633 12890
11601 11858
11857 12114
12113 12370
12625 12882
11585 11842
11841 12098
12097 12354
12353 12610
12609 12866
10919 11176
12530 12531
11433 11690
11689 11946
11945 12202
12201 12458
12457 12714
12630 12887
12614 12871
12462 12719
12450 12707
12466 12723
11593 11850
11849 12106
12105 12362
12617 12874
11435 11692
11691 11948
11947 12204
12203 12460
12224 12223
12638 12895
10165 10422
12602 12857
12858 13113
11443 11700
11699 11956
11955 12212
12211 12468
12467 12724
10915 11172
11427 11684
11683 11940
11939 12196
12195 12452
11720 11719
12582 12837
10913 11170
11425 11682
11681 11938
11937 12194
12449 12706
12454 12711
11449 11706
11705 11962
11961 12218
12217 12474
12473 12730
12729 12986
12985 13242
12590 12845
11451 11708
11707 11964
11963 12220
12475 12732
12731 12988
12987 13244
13243 13500
12604 12859
12240 12239
12598 12853
12458 12715
10120 10377
8703 8960
8959 9216
9471 9728
9727 9984
9983 10240
10239 10496
10495 10752
10751 11008
11007 11264
11263 11520
11446 11703
11702 11959
11958 12215
12214 12471
12470 12727
12578 12833
13346 13601
12594 12849
13618 13873
10040 10295
12586 12842
11736 11735
12248 12247
12504 12503
11724 11725
11980 11981
12236 12237
12685 12942
12486 12485
12244 12245
12500 12501
12756 12757
13012 13013
13268 13269
12482 12483
13762 13763
11716 11717
11972 11973
12228 12229
12677 12934
12701 12958
11393 11650
11649 11906
11905 12162
12417 12674
12673 12930
12494 12493
12510 12509
12693 12950
12502 12501
11740 11741
11996 11997
12252 12253
12508 12509
12764 12765
11401 11658
11657 11914
11913 12170
12425 12682
12681 12938
12490 12491
11409 11666
11665 11922
11921 12178
12433 12690
12689 12946
12506 12507
12762 12763
13018 13019
12498 12499
12754 12755
12431 12688
11411 11668
11667 11924
11923 12180
12179 12436
11417 11674
11673 11930
11929 12186
12185 12442
12697 12954
11403 11660
11659 11916
11915 12172
12171 12428
11419 11676
11675 11932
11931 12188
12187 12444
11395 11652
11651 11908
11907 12164
12163 12420
12438 12695
12694 12951
12702 12958
11497 11498
11753 11754
12009 12010
12265 12266
12777 12778
13983 14239
14239 14495
14495 14751
14751 15007
15007 15263
15263 15519
15519 15775
15775 16031
11513 11514
11769 11770
12025 12026
12281 12282
11505 11506
11761 11762
12017 12018
12273 12274
11489 11490
11745 11746
12001 12002
12257 12258
10861 11118
12650 12907
10748 10749
11004 11005
11260 11261
11772 11773
12028 12029
12284 12285
12540 12541
12796 12797
13052 13053
10869 11126
11381 11638
11893 12150
11617 11874
11873 12130
12129 12386
12641 12898
12546 12803
12654 12911
11641 11898
11897 12154
12153 12410
12665 12922
12646 12903
12550 12807
12566 12823
11126 11383
11638 11895
12662 12919
10857 11114
11625 11882
11881 12138
12137 12394
12649 12906
10865 11122
11633 11890
11889 12146
12145 12402
12657 12914
11491 11492
11747 11748
12003 12004
12259 12260
12515 12516
11507 11762
11763 12018
12019 12274
11499 11500
11755 11756
12011 12012
12267 12268
12523 12524
12779 12780
12518 12773
12530 12785
12522 12777
12514 12770
12534 12535
12526 12527
10746 10747
12538 12539
11259 11260
11515 11516
11771 11772
12027 12028
12283 12284
12795 12796
13051 13052
12702 12959
13726 13983
10748 11003
12540 12795
11505 11760
11761 12016
12017 12272
12273 12528
12529 12784
13727 13984
13983 14240
14239 14496
14495 14752
14751 15008
15007 15264
15263 15520
15519 15776
15775 16032
11489 11744
11745 12000
12001 12256
12257 12512
12513 12768
11497 11752
11753 12008
12009 12264
12265 12520
12521 12776
11513 11768
11769 12024
12025 12280
12281 12536
12537 12792
12793 13048
12331 12587
12323 12579
12347 12603
12339 12595
12482 12737
10040 10296
12486 12487
12577 12833
12490 12745
12604 12860
12593 12849
12601 12857
12578 12834
11457 11458
11713 11714
11969 11970
12225 12226
11465 11466
11721 11722
11977 11978
12233 12234
11467 11468
11723 11724
11979 11980
12235 12236
12491 12492
11459 11460
11715 11716
11971 11972
12227 12228
12483 12484
13763 13764
11483 11484
11739 11740
11995 11996
12251 12252
12507 12508
12763 12764
11473 11474
11729 11730
11985 11986
12241 12242
12582 12838
11481 11482
11737 11738
11993 11994
12249 12250
13248 13249
12506 12761
12494 12749
12495 12750
12510 12511
13015 13016
12498 12753
12502 12503
12758 12759
11491 11746
11747 12002
12003 12258
12585 12841
11499 11754
11755 12010
12011 12266
12275 12531
11475 11476
11731 11732
11987 11988
12243 12244
12499 12500
12755 12756
13011 13012
14032 14033
12522 12778
12518 12774
12526 12781
12514 12771
12534 12789
10746 11001
12538 12793
12530 12786
11515 11770
11771 12026
12027 12282
12590 12846
12598 12854
12586 12843
12842 13099
12602 12858
13764 14021
12594 12850
13618 13874
11980 12237
13772 14029
10748 11004
12540 12796
12521 12777
12529 12785
13012 13269
12513 12769
12537 12793
12252 12509
13016 13273
12259 12515
11507 11764
11763 12020
12019 12276
12275 12532
12267 12523
12283 12539
12518 12775
12526 12782
12522 12779
12534 12790
10746 11002
12538 12794
12530 12787
10748 11005
11004 11261
12540 12797
11505 11762
11761 12018
12017 12274
12529 12786
11497 11754
11753 12010
12009 12266
12521 12778
11489 11746
11745 12002
12001 12258
12513 12770
12482 12738
11513 11770
11769 12026
12025 12282
12537 12794
10040 10297
12604 12861
12486 12741
12490 12746
12494 12750
12498 12754
11561 11818
11817 12074
12073 12330
12585 12842
11569 11826
11825 12082
12081 12338
12593 12850
11553 11810
11809 12066
12065 12322
12577 12834
12495 12751
12502 12757
12506 12762
12510 12765
11467 11722
11723 11978
11979 12234
11459 11714
11715 11970
11971 12226
11577 11834
11833 12090
12089 12346
12601 12858
11483 11738
11739 11994
11995 12250
11475 11730
11731 11986
11987 12242
11465 11720
11721 11976
11977 12232
12233 12488
12489 12744
11563 11820
11819 12076
12075 12332
12331 12588
11481 11736
11737 11992
11993 12248
12249 12504
12505 12760
11457 11712
11713 11968
11969 12224
12225 12480
12481 12736
11473 11728
11729 11984
11985 12240
12241 12496
12497 12752
11579 11836
11835 12092
12091 12348
12603 12860
12859 13116
11555 11812
11811 12068
12067 12324
12323 12580
11571 11828
11827 12084
12083 12340
12339 12596
12851 13108
12578 12835
12582 12839
11491 11748
11747 12004
12003 12260
12259 12516
11515 11772
11771 12028
12027 12284
12539 12796
12795 13052
12590 12847
12598 12855
13110 13367
12526 12783
12534 12791
11499 11756
11755 12012
12011 12268
12267 12524
10746 11003
12538 12795
12794 13051
12602 12859
12594 12851
13618 13875
12482 12739
13506 13763
12495 12752
13519 13776
13775 14032
13760 14017
12486 12742
12227 12483
12251 12507
12490 12747
12243 12499
12235 12491
12502 12758
12506 12763
12762 13019
12494 12751
13262 13519
12498 12755
12754 13011
13010 13267
12510 12766
13776 14033
12489 12745
12481 12737
12505 12761
12497 12753
11459 11716
11715 11972
11971 12228
12227 12484
11467 11724
11723 11980
11979 12236
12235 12492
11483 11740
11739 11996
11995 12252
12251 12508
11475 11732
11731 11988
11987 12244
12243 12500
12499 12756
12755 13012
12486 12743
12502 12759
12510 12767
11465 11722
11721 11978
11977 12234
12489 12746
11481 11738
11737 11994
11993 12250
12505 12762
11473 11730
11729 11986
11985 12242
12497 12754
11457 11714
11713 11970
11969 12226
12481 12738
13249 13506
