19556
20068
20324
20580
20836
21092
21348
21604
21860
17761
18017
18273
18529
18785
19041
19297
19553
20065
20321
20577
20833
21089
21345
21601
21857
23137
17772
18028
18284
18540
18796
19052
19308
19564
20076
20332
20588
20844
21100
21356
21612
21868
10057
17791
18047
18303
18559
18815
19071
19327
19583
17771
18027
18283
18539
18795
19051
19307
19563
20075
20331
20587
20843
21099
21355
21611
21867
1942
1938
17957
18213
18469
18725
18981
19237
19493
19749
20005
20261
20517
20773
21029
21285
21541
21797
17736
17992
18248
18504
19016
19272
19528
19784
20040
20296
20552
20808
21064
21320
21576
21832
17714
17970
18226
18482
18994
19250
19506
19762
20018
20274
20530
20786
21042
21298
21554
21810
17954
18210
18466
18722
18978
19234
19490
19746
20002
20258
20514
20770
21026
21282
21538
21794
12639
1902
12615
12631
17721
17977
18233
18489
19001
19257
19513
19769
20025
20281
20537
20793
21049
21305
21561
21817
10822
17731
17987
18243
18499
19011
19267
19523
19779
20035
20291
20547
20803
21059
21315
21571
21827
17781
18037
18293
18549
18805
19061
19317
19573
19829
20085
20341
20597
20853
21109
21365
21621
17785
18041
18297
18553
18809
19065
19321
19577
19833
20089
20345
20601
20857
21113
21369
21625
21881
17780
18036
18292
18548
18804
19060
19316
19572
19828
20084
20340
20596
20852
21108
21364
21620
17788
18044
18300
18556
18812
19068
19324
19580
20092
20348
20604
20860
21116
21372
21628
17740
17996
18252
18508
19020
19276
19532
19788
20044
20300
20556
20812
21068
21324
21580
21836
17756
18012
18268
18524
19036
19292
19548
19804
20060
20316
20572
20828
21084
21340
21596
21852
12463
1950
2206
17769
18025
18281
18537
18793
19049
19305
19561
19817
20073
20329
20585
20841
21097
21353
21609
21865
17927
18183
18439
18695
18951
19207
19463
19719
17185
17953
18209
18465
18721
18977
19233
19489
19745
20001
20257
20513
20769
21025
21281
21537
21793
17926
18182
18438
18694
18950
19206
19462
19718
618
1898
2154
17961
18217
18473
18729
18985
19241
19497
19753
20009
20265
20521
20777
21033
21289
21545
21801
17760
18016
18272
18528
19040
19296
19552
19808
20064
20320
20576
20832
21088
21344
21600
21856
22112
17730
17986
18242
18498
19010
19266
19522
19778
20034
20290
20546
20802
21058
21314
21570
21826
17962
18218
18474
18730
18986
19242
19498
19754
20010
20266
20522
20778
21034
21290
21546
21802
17768
18024
18280
18536
18792
19048
19304
19560
19816
20072
20328
20584
20840
21096
21352
21608
21864
17746
18002
18258
18514
19026
19282
19538
19794
20050
20306
20562
20818
21074
21330
21586
21842
17722
17978
18234
18490
19002
19258
19514
19770
20026
20282
20538
20794
21050
21306
21562
21818
1895
17776
18032
18288
18544
18800
19056
19312
19568
19824
20080
20336
20592
20848
21104
21360
21616
21872
17965
18221
18477
18733
18989
19245
19501
19757
20013
20269
20525
20781
21037
21293
21549
21805
653
1933
1937
2193
2449
649
1929
17717
17973
18229
18485
18997
19253
19509
19765
20021
20277
20533
20789
21045
21301
21557
21813
17745
18001
18257
18513
18769
19025
19281
19537
19793
20049
20305
20561
20817
21073
21329
21585
21841
11525
11781
12037
12293
12549
2056
2312
12548
2060
2572
10914
11426
11682
11938
12194
11533
11789
12045
12301
12557
10764
12556
10772
12564
17757
18013
18269
18525
19037
19293
19549
19805
20061
20317
20573
20829
21085
21341
21597
21853
2057
1866
2048
2560
1941
2197
2453
11429
11685
11941
12197
12453
2050
2562
2054
2310
10754
11522
11778
12034
12290
17739
17995
18251
18507
19019
19275
19531
19787
20043
20299
20555
20811
21067
21323
21579
21835
2052
2308
12423
1949
2461
2055
2567
2051
2563
1859
17713
17969
18225
18481
18993
19249
19505
19761
20017
20273
20529
20785
21041
21297
21553
21809
1946
2202
2458
17738
17994
18250
18506
19018
19274
19530
19786
20042
20298
20554
20810
21066
21322
21578
21834
17784
18040
18296
18552
18808
19064
19320
19576
19832
20088
20344
20600
20856
21112
21368
21624
21880
11613
11869
12125
12381
12637
10828
12620
1911
2063
2319
10148
10660
10916
12452
10156
10668
12460
1857
642
1922
1862
2118
645
1925
2181
584
1864
17753
18009
18265
18521
18777
19033
19289
19545
19801
20057
20313
20569
20825
21081
21337
21593
21849
10844
12636
11438
11694
11950
12206
1861
12471
10564
10820
12612
11434
11690
11946
12202
17754
18010
18266
18522
19034
19290
19546
19802
20058
20314
20570
20826
21082
21338
21594
21850
2058
2314
2570
10886
12678
640
1920
651
1931
647
1927
644
1924
1936
2053
2565
2064
2576
11442
11698
11954
12210
1940
11538
11794
12050
12306
1868
2636
10884
12420
12676
611
1891
2147
2062
2574
11437
11693
11949
12205
12461
17934
18190
18446
18702
18958
19214
19470
19726
17174
17942
18198
18454
18710
18966
19222
19478
19734
17789
18045
18301
18557
18813
19069
19325
19581
20093
20349
20605
20861
21117
21373
21629
17175
17943
18199
18455
18711
18967
19223
19479
19735
10892
12428
12684
1863
2375
2631
11597
11853
12109
12365
12621
585
1865
2377
2633
593
1873
2129
2641
1858
2114
2370
2626
1856
2368
2624
627
1907
2163
1894
2150
2406
12487
2049
2305
2561
610
1890
2402
17747
18003
18259
18515
19027
19283
19539
19795
20051
20307
20563
20819
21075
21331
21587
21843
641
1921
2177
2433
646
1926
2438
624
1904
10854
620
1900
1953
10152
10664
11432
11688
11944
12200
12456
617
1897
10164
10676
12468
608
1888
2144
613
1893
2149
609
1889
2145
2071
2583
619
1899
2411
12503
629
1909
1947
643
1923
2179
2435
1944
17755
18011
18267
18523
19035
19291
19547
19803
20059
20315
20571
20827
21083
21339
21595
21851
10144
10656
11424
11680
11936
12192
12448
1915
1910
2166
2422
655
1935
2447
12703
17799
18055
18311
18567
18823
19079
19335
19591
10129
12439
12695
12699
1974
10180
12484
1918
654
1934
2190
650
1930
2186
2442
11445
11701
11957
12213
12469
10169
10684
10160
10672
11440
11696
11952
12208
12464
12647
2068
797
2077
2589
1913
648
1928
2184
2440
1951
2463
652
1932
2188
2444
1943
2199
2455
1939
2195
2451
10706
11474
11730
11986
12242
1963
12655
1903
2159
2415
11397
11653
11909
12165
12421
2066
1961
2217
11405
11661
11917
12173
12429
17935
18191
18447
18703
18959
19215
19471
19727
10882
11394
11650
11906
12162
12674
17950
18206
18462
18718
18974
19230
19486
19742
1962
2474
1958
2470
11470
11726
11982
12238
11461
11717
11973
12229
12485
10178
11458
11714
11970
12226
1966
2222
2478
10698
11466
11722
11978
12234
11605
11861
12117
12373
12629
1948
2204
2460
10830
11598
11854
12110
12366
1916
2172
10170
11450
11706
11962
12218
1967
2224
1957
2213
2469
1914
2170
2426
10890
11402
11658
11914
12170
12682
10137
10834
11602
11858
12114
12370
2061
2317
10053
11589
11845
12101
12357
12613
10818
11586
11842
12098
12354
10888
11400
11656
11912
12168
12424
12680
10097
10894
11406
11662
11918
12174
12686
1954
2466
1978
2490
2065
2321
12511
612
1892
2148
2404
628
1908
2420
17798
18054
18310
18566
18822
19078
19334
19590
11541
11797
12053
12309
12565
17806
18062
18318
18574
18830
19086
19342
19598
10774
11542
11798
12054
12310
1875
2643
2237
1869
2125
2381
2637
1860
2116
2372
2628
11453
11709
11965
12221
12477
10762
11530
11786
12042
12298
10838
11606
11862
12118
12374
592
1872
2384
2640
11536
11792
12048
12304
12560
2067
2323
2579
10058
10826
11594
11850
12106
12362
1952
2208
2464
1867
2123
2379
2635
795
2075
2587
2078
2590
10188
10700
12492
10430
10686
11454
11710
11966
12222
12478
1960
2472
10204
12508
10624
10880
11392
11648
11904
12160
12416
12672
1917
2429
621
1901
2157
2413
1956
2468
1870
2638
10510
11534
11790
12046
12302
11421
11677
11933
12189
12445
1919
2175
2431
1982
2494
1976
2235
1912
2168
2424
625
1905
2161
2417
626
1906
3954
10196
11476
11732
11988
12244
12500
10176
10688
11456
11712
11968
12224
12480
10138
10906
11418
11674
11930
12186
1977
2233
1959
2215
2471
1955
2211
2467
10168
10680
11448
11704
11960
12216
12472
11469
11725
11981
12237
12493
11486
11742
11998
12254
11477
11733
11989
12245
12501
11478
11734
11990
12246
12663
616
1896
2152
2408
10846
11614
11870
12126
12382
1975
2231
2487
17725
17981
18237
18493
19005
19261
19517
19773
20029
20285
20541
20797
21053
21309
21565
21821
10842
11610
11866
12122
12378
10304
11584
11840
12096
12352
12608
1972
10184
10696
11464
11720
11976
12232
12488
1970
2226
10902
11414
11670
11926
12182
11485
11741
11997
12253
12509
10714
11482
11738
11994
12250
10644
10900
12436
12692
1980
2492
10200
11480
11736
11992
12248
12504
10760
11528
11784
12040
12296
12552
2079
2335
2591
796
2076
2332
2069
2581
1871
2127
2639
10910
11422
11678
11934
12190
12446
11413
11669
11925
12181
12437
794
2074
2330
2586
10192
11472
11728
11984
12240
12496
606
1886
2142
10240
11520
11776
12032
12288
12544
1969
2481
17815
18071
18327
18583
18839
19095
19351
19607
17807
18063
18319
18575
18831
19087
19343
19599
1964
2220
2476
10852
12644
61905
10850
11618
11874
12130
12386
11546
11802
12058
12314
17831
18087
18343
18599
18855
19111
19367
19623
10130
10898
11410
11666
11922
12178
12690
10858
11626
11882
12138
12394
10836
11604
11860
12116
12372
12628
10128
10896
11408
11664
11920
12176
12432
12688
10776
11544
11800
12056
12312
12568
17847
18103
18359
18615
18871
19127
19383
19639
10056
10824
11592
11848
12104
12360
12616
10320
10832
11600
11856
12112
12368
12624
2483
17830
18086
18342
18598
18854
19110
19366
19622
17838
18094
18350
18606
18862
19118
19374
19630
600
1880
2136
11621
11877
12133
12389
12645
1876
2388
2644
17839
18095
18351
18607
18863
19119
19375
19631
2070
2326
2582
17814
18070
18326
18582
18838
19094
19350
19606
11550
11806
12062
12318
12574
17951
18207
18463
18719
18975
19231
19487
19743
17846
18102
18358
18614
18870
19126
19382
19638
2246
10862
11630
11886
12142
12398
11637
11893
12149
12405
12661
17822
18078
18334
18590
18846
19102
19358
19614
11629
11885
12141
12397
12653
17920
18176
18432
18688
18944
19200
19456
19712
19968
20224
20480
20736
20992
21248
21504
21760
11645
11901
12157
12413
12669
17923
18179
18435
18691
18947
19203
19459
19715
19971
20227
20483
20739
20995
21251
21507
21763
1973
2229
2485
2250
2006
594
1874
2386
2642
602
1882
2138
2650
17921
18177
18433
18689
18945
19201
19457
19713
19969
20225
20481
20737
20993
21249
21505
21761
17925
18181
18437
18693
18949
19205
19461
19717
19973
20229
20485
20741
20997
21253
21509
21765
10908
11420
11676
11932
12188
12444
12700
17924
18180
18436
18692
18948
19204
19460
19716
19972
20228
20484
20740
20996
21252
21508
21764
17854
18110
18366
18622
18878
19134
19390
19646
1877
2645
601
1881
2393
2649
10328
10840
11608
11864
12120
12376
12632
17855
18111
18367
18623
18879
19135
19391
19647
2253
10874
11642
11898
12154
12410
11549
11805
12061
12317
12573
17922
18178
18434
18690
18946
19202
19458
19714
19970
20226
20482
20738
20994
21250
21506
21762
2010
2249
2505
2242
2244
17835
18091
18347
18603
18859
19115
19371
19627
19883
20139
20395
20651
20907
21163
21419
21675
17827
18083
18339
18595
18851
19107
19363
19619
19875
20131
20387
20643
20899
21155
21411
21667
10868
11636
11892
12148
12660
10098
10866
11634
11890
12146
12402
17833
18089
18345
18601
18857
19113
19369
19625
19881
20137
20393
20649
20905
21161
21417
21673
17931
18187
18443
18699
18955
19211
19467
19723
19979
20235
20491
20747
21003
21259
21515
21771
17826
18082
18338
18594
18850
19106
19362
19618
19874
20130
20386
20642
20898
21154
21410
21666
17829
18085
18341
18597
18853
19109
19365
19621
19877
20133
20389
20645
20901
21157
21413
21669
17825
18081
18337
18593
18849
19105
19361
19617
19873
20129
20385
20641
20897
21153
21409
21665
1998
2254
2510
17843
18099
18355
18611
18867
19123
19379
19635
19891
20147
20403
20659
20915
21171
21427
21683
17680
17936
18192
18448
18704
18960
19216
19472
19728
19984
20240
20496
20752
21008
21264
21520
21776
17673
17929
18185
18441
18697
18953
19209
19465
19721
19977
20233
20489
20745
21001
21257
21513
21769
10870
11638
11894
12150
12406
17801
18057
18313
18569
18825
19081
19337
19593
20105
20361
20617
20873
21129
21385
21641
10878
11902
12158
12414
12670
17824
18080
18336
18592
18848
19104
19360
19616
19872
20128
20384
20640
20896
21152
21408
21664
2260
2240
2496
17823
18079
18335
18591
18847
19103
19359
19615
17834
18090
18346
18602
18858
19114
19370
19626
19882
20138
20394
20650
20906
21162
21418
21674
1879
2647
10856
11624
11880
12136
12392
12648
10136
10648
10904
11416
11672
11928
12184
12440
12696
2251
17837
18093
18349
18605
18861
19117
19373
19629
19885
20141
20397
20653
20909
21165
21421
21677
17841
18097
18353
18609
18865
19121
19377
19633
19889
20145
20401
20657
20913
21169
21425
21681
10860
11628
11884
12140
12396
12652
17172
17940
18196
18452
18708
18964
19220
19476
19732
19988
20244
20500
20756
21012
21268
21524
21780
17797
18053
18309
18565
18821
19077
19333
19589
20101
20357
20613
20869
21125
21381
21637
1989
2501
2257
2255
10364
10876
11644
11900
12156
12412
10080
10848
11616
11872
12128
12384
12640
10872
11640
11896
12152
12408
12664
10096
10864
11632
11888
12144
12400
12656
2008
17793
18049
18305
18561
18817
19073
19329
19585
20097
20353
20609
20865
21121
21377
21633
17933
18189
18445
18701
18957
19213
19469
19725
19981
20237
20493
20749
21005
21261
21517
21773
17682
17938
18194
18450
18706
18962
19218
19474
19730
19986
20242
20498
20754
21010
21266
21522
21778
2000
2512
1991
2503
17828
18084
18340
18596
18852
19108
19364
19620
19876
20132
20388
20644
20900
21156
21412
21668
1987
2499
17832
18088
18344
18600
18856
19112
19368
19624
19880
20136
20392
20648
20904
21160
21416
21672
17836
18092
18348
18604
18860
19116
19372
19628
19884
20140
20396
20652
20908
21164
21420
21676
17803
18059
18315
18571
18827
19083
19339
19595
20107
20363
20619
20875
21131
21387
21643
17845
18101
18357
18613
18869
19125
19381
19637
19893
20149
20405
20661
20917
21173
21429
21685
793
1817
2585
17173
17941
18197
18453
18709
18965
19221
19477
19733
19989
20245
20501
20757
21013
21269
21525
21781
17840
18096
18352
18608
18864
19120
19376
19632
19888
20144
20400
20656
20912
21168
21424
21680
1996
2252
2508
792
1816
2072
2328
2584
17794
18050
18306
18562
18818
19074
19330
19586
20098
20354
20610
20866
21122
21378
21634
2263
2519
17842
18098
18354
18610
18866
19122
19378
19634
19890
20146
20402
20658
20914
21170
21426
21682
17932
18188
18444
18700
18956
19212
19468
19724
19980
20236
20492
20748
21004
21260
21516
21772
17672
17928
18184
18440
18696
18952
19208
19464
19720
19976
20232
20488
20744
21000
21256
21512
21768
607
1887
2143
2399
603
1883
2139
2395
2651
17848
18104
18360
18616
18872
19128
19384
19640
19896
20152
20408
20664
20920
21176
21432
21688
17795
18051
18307
18563
18819
19075
19331
19587
20099
20355
20611
20867
21123
21379
21635
2014
2526
1878
2134
2390
2646
17871
18127
18383
18639
18895
19151
19407
19663
17852
18108
18364
18620
18876
19132
19388
19644
19900
20156
20412
20668
20924
21180
21436
21692
17844
18100
18356
18612
18868
19124
19380
19636
19892
20148
20404
20660
20916
21172
21428
21684
17862
18118
18374
18630
18886
19142
19398
19654
17939
18195
18451
18707
18963
19219
19475
19731
19987
20243
20499
20755
21011
21267
21523
21779
17853
18109
18365
18621
18877
19133
19389
19645
19901
20157
20413
20669
20925
21181
21437
21693
17849
18105
18361
18617
18873
19129
19385
19641
19897
20153
20409
20665
20921
21177
21433
21689
2012
604
1884
2140
2652
605
1885
2141
2397
17930
18186
18442
18698
18954
19210
19466
19722
19978
20234
20490
20746
21002
21258
21514
21770
17690
17946
18202
18458
18714
18970
19226
19482
19738
19994
20250
20506
20762
21018
21274
21530
21786
17863
18119
18375
18631
18887
19143
19399
19655
2013
2269
17870
18126
18382
18638
18894
19150
19406
19662
17802
18058
18314
18570
18826
19082
19338
19594
20106
20362
20618
20874
21130
21386
21642
17681
17937
18193
18449
18705
18961
19217
19473
19729
19985
20241
20497
20753
21009
21265
21521
21777
17850
18106
18362
18618
18874
19130
19386
19642
19898
20154
20410
20666
20922
21178
21434
21690
17176
17688
17944
18200
18456
18712
18968
19224
19480
19736
19992
20248
20504
20760
21016
21272
21528
21784
2015
17805
18061
18317
18573
18829
19085
19341
19597
20109
20365
20621
20877
21133
21389
21645
17811
18067
18323
18579
18835
19091
19347
19603
19859
20115
20371
20627
20883
21139
21395
21651
2011
2267
2523
17810
18066
18322
18578
18834
19090
19346
19602
19858
20114
20370
20626
20882
21138
21394
21650
2005
2261
2517
2259
17887
18143
18399
18655
18911
19167
19423
19679
17851
18107
18363
18619
18875
19131
19387
19643
19899
20155
20411
20667
20923
21179
21435
21691
17886
18142
18398
18654
18910
19166
19422
19678
17819
18075
18331
18587
18843
19099
19355
19611
19867
20123
20379
20635
20891
21147
21403
21659
17818
18074
18330
18586
18842
19098
19354
19610
19866
20122
20378
20634
20890
21146
21402
21658
17796
18052
18308
18564
18820
19076
19332
19588
20100
20356
20612
20868
21124
21380
21636
17800
18056
18312
18568
18824
19080
19336
19592
20104
20360
20616
20872
21128
21384
21640
17792
18048
18304
18560
18816
19072
19328
19584
20096
20352
20608
20864
21120
21376
21632
17809
18065
18321
18577
18833
19089
19345
19601
19857
20113
20369
20625
20881
21137
21393
21649
2258
2514
17878
18134
18390
18646
18902
19158
19414
19670
17813
18069
18325
18581
18837
19093
19349
19605
19861
20117
20373
20629
20885
21141
21397
21653
17879
18135
18391
18647
18903
19159
19415
19671
17692
17948
18204
18460
18716
18972
19228
19484
19740
19996
20252
20508
20764
21020
21276
21532
21788
17804
18060
18316
18572
18828
19084
19340
19596
20108
20364
20620
20876
21132
21388
21644
2549
17691
17947
18203
18459
18715
18971
19227
19483
19739
19995
20251
20507
20763
21019
21275
21531
21787
2009
2265
2521
17812
18068
18324
18580
18836
19092
19348
19604
19860
20116
20372
20628
20884
21140
21396
21652
17817
18073
18329
18585
18841
19097
19353
19609
19865
20121
20377
20633
20889
21145
21401
21657
17693
17949
18205
18461
18717
18973
19229
19485
19741
19997
20253
20509
20765
21021
21277
21533
21789
2281
2537
17689
17945
18201
18457
18713
18969
19225
19481
19737
19993
20249
20505
20761
21017
21273
21529
21785
2535
17808
18064
18320
18576
18832
19088
19344
19600
19856
20112
20368
20624
20880
21136
21392
21648
17860
18116
18372
18628
18884
19140
19396
19652
19908
20164
20420
20676
20932
21188
21444
21700
12519
17820
18076
18332
18588
18844
19100
19356
19612
19868
20124
20380
20636
20892
21148
21404
21660
17864
18120
18376
18632
18888
19144
19400
19656
19912
20168
20424
20680
20936
21192
21448
21704
17867
18123
18379
18635
18891
19147
19403
19659
19915
20171
20427
20683
20939
21195
21451
21707
17816
18072
18328
18584
18840
19096
19352
19608
19864
20120
20376
20632
20888
21144
21400
21656
17858
18114
18370
18626
18882
19138
19394
19650
19906
20162
20418
20674
20930
21186
21442
21698
17857
18113
18369
18625
18881
19137
19393
19649
19905
20161
20417
20673
20929
21185
21441
21697
17859
18115
18371
18627
18883
19139
19395
19651
19907
20163
20419
20675
20931
21187
21443
21699
2029
2285
2541
17856
18112
18368
18624
18880
19136
19392
19648
19904
20160
20416
20672
20928
21184
21440
21696
17868
18124
18380
18636
18892
19148
19404
19660
19916
20172
20428
20684
20940
21196
21452
21708
2540
2020
2276
2532
2542
17874
18130
18386
18642
18898
19154
19410
19666
19922
20178
20434
20690
20946
21202
21458
21714
17865
18121
18377
18633
18889
19145
19401
19657
19913
20169
20425
20681
20937
21193
21449
21705
17866
18122
18378
18634
18890
19146
19402
19658
19914
20170
20426
20682
20938
21194
21450
21706
17861
18117
18373
18629
18885
19141
19397
19653
19909
20165
20421
20677
20933
21189
21445
21701
17873
18129
18385
18641
18897
19153
19409
19665
19921
20177
20433
20689
20945
21201
21457
21713
17869
18125
18381
18637
18893
19149
19405
19661
19917
20173
20429
20685
20941
21197
21453
21709
2544
17821
18077
18333
18589
18845
19101
19357
19613
19869
20125
20381
20637
20893
21149
21405
21661
10780
11548
11804
12060
12316
12572
2027
2283
2539
33778
2041
2553
17885
18141
18397
18653
18909
19165
19421
19677
19933
20189
20445
20701
20957
21213
21469
21725
2016
2272
2528
51189
17872
18128
18384
18640
18896
19152
19408
19664
19920
20176
20432
20688
20944
21200
21456
21712
2545
17876
18132
18388
18644
18900
19156
19412
19668
19924
20180
20436
20692
20948
21204
21460
21716
17884
18140
18396
18652
18908
19164
19420
19676
19932
20188
20444
20700
20956
21212
21468
21724
2044
17883
18139
18395
18651
18907
19163
19419
19675
19931
20187
20443
20699
20955
21211
21467
21723
17877
18133
18389
18645
18901
19157
19413
19669
19925
20181
20437
20693
20949
21205
21461
21717
2036
2292
2548
2018
2274
2530
17875
18131
18387
18643
18899
19155
19411
19667
19923
20179
20435
20691
20947
21203
21459
21715
17880
18136
18392
18648
18904
19160
19416
19672
19928
20184
20440
20696
20952
21208
21464
21720
12527
10732
11500
11756
12012
12268
12524
2547
17882
18138
18394
18650
18906
19162
19418
19674
19930
20186
20442
20698
20954
21210
21466
21722
10728
11496
11752
12008
12264
12520
17881
18137
18393
18649
18905
19161
19417
19673
19929
20185
20441
20697
20953
21209
21465
21721
10212
12516
2022
2278
11514
11770
12026
12282
2042
2554
2039
2551
2290
2546
12535
10494
11518
11774
12030
12286
12542
11501
11757
12013
12269
12525
10744
11512
11768
12024
12280
12536
2045
2301
2557
10722
11490
11746
12002
12258
11509
11765
12021
12277
12533
2038
2294
2550
11493
11749
12005
12261
12517
10736
11504
11760
12016
12272
12528
17911
18167
18423
18679
18935
19191
19447
19703
2031
2287
2543
2040
2296
2552
10742
11510
11766
12022
12278
17896
18152
18408
18664
18920
19176
19432
19688
19944
20200
20456
20712
20968
21224
21480
21736
22248
2046
2558
10734
11502
11758
12014
12270
2047
2303
2559
11517
11773
12029
12285
12541
10208
11488
11744
12000
12256
12512
10740
11508
11764
12020
12276
12532
17912
18168
18424
18680
18936
19192
19448
19704
19960
20216
20472
20728
20984
21240
21496
21752
2043
2299
2555
17919
18175
18431
18687
18943
19199
19455
19711
10730
11498
11754
12010
12266
17903
18159
18415
18671
18927
19183
19439
19695
17895
18151
18407
18663
18919
19175
19431
19687
22247
17904
18160
18416
18672
18928
19184
19440
19696
19952
20208
20464
20720
20976
21232
21488
21744
17902
18158
18414
18670
18926
19182
19438
19694
17894
18150
18406
18662
18918
19174
19430
19686
22246
10738
11506
11762
12018
12274
14834
17888
18144
18400
18656
18912
19168
19424
19680
19936
20192
20448
20704
20960
21216
21472
21728
22240
17908
18164
18420
18676
18932
19188
19444
19700
19956
20212
20468
20724
20980
21236
21492
21748
17910
18166
18422
18678
18934
19190
19446
19702
17892
18148
18404
18660
18916
19172
19428
19684
19940
20196
20452
20708
20964
21220
21476
21732
22244
23012
17900
18156
18412
18668
18924
19180
19436
19692
19948
20204
20460
20716
20972
21228
21484
21740
17891
18147
18403
18659
18915
19171
19427
19683
19939
20195
20451
20707
20963
21219
21475
21731
17918
18174
18430
18686
18942
19198
19454
19710
17907
18163
18419
18675
18931
19187
19443
19699
19955
20211
20467
20723
20979
21235
21491
21747
17916
18172
18428
18684
18940
19196
19452
19708
19964
20220
20476
20732
20988
21244
21500
21756
17890
18146
18402
18658
18914
19170
19426
19682
19938
20194
20450
20706
20962
21218
21474
21730
17898
18154
18410
18666
18922
19178
19434
19690
19946
20202
20458
20714
20970
21226
21482
21738
17914
18170
18426
18682
18938
19194
19450
19706
19962
20218
20474
20730
20986
21242
21498
21754
17899
18155
18411
18667
18923
19179
19435
19691
19947
20203
20459
20715
20971
21227
21483
21739
17915
18171
18427
18683
18939
19195
19451
19707
19963
20219
20475
20731
20987
21243
21499
21755
17897
18153
18409
18665
18921
19177
19433
19689
19945
20201
20457
20713
20969
21225
21481
21737
17906
18162
18418
18674
18930
19186
19442
19698
19954
20210
20466
20722
20978
21234
21490
21746
17889
18145
18401
18657
18913
19169
19425
19681
19937
20193
20449
20705
20961
21217
21473
21729
23265
17901
18157
18413
18669
18925
19181
19437
19693
19949
20205
20461
20717
20973
21229
21485
21741
17893
18149
18405
18661
18917
19173
19429
19685
19941
20197
20453
20709
20965
21221
21477
21733
22245
23269
17917
18173
18429
18685
18941
19197
19453
19709
19965
20221
20477
20733
20989
21245
21501
21757
17909
18165
18421
18677
18933
19189
19445
19701
19957
20213
20469
20725
20981
21237
21493
21749
17913
18169
18425
18681
18937
19193
19449
19705
19961
20217
20473
20729
20985
21241
21497
21753
17905
18161
18417
18673
18929
19185
19441
19697
19953
20209
20465
20721
20977
21233
21489
21745
